#	Description		Bit	Inverse		clockw.	c.clo.	size pixel	position L->R	position T->B	position B->T
1	face			1	0			0		36		86878		5				10				8
2	eyebrow			1	0			19		1		281			10				20				16
3	o. left eye		0	1			18		3		220			9				22				11
4	nose			1	0			12		9		603			22				29				5
5	chin L			0	1			13		11		136			24				32				2
6	Kinn R			0	1			11		12		338			29				31				3
7	hair R B		0	1			3		19		264			36				21				15
8	hair R T		0	1			2		20		98			35				19				18
9	hair T R		0	1			33		26		353			27				3				30
10	hait T R		1	0			31		25		13569		21				1				29
11	hair T L		1	0			24		29		3607		6				4				24
12	hair L			1	0			20		32		4112		2				12				17
13	eye L 1			0	1			17		4		20			11				27				14
14	eye L 2			0	1			16		5		14			13				26				13
15	eye L 3			1	0			15		6		109			12				26				10
16	eye L 4			0	1			14		7		27			14				26				12
17	eye R 1			0	1			9		13		52			25				24				15
18	eye R 2			1	0			7		14		264			26				23				12
19	eye R 3			0	1			6		17		6			29				25				17
20	eye R 4			0	1			5		18		28			30				25				16
21	eye R 5			0	1			8		15		14			28				28				9
22	foreh. L 1		1	0			22		30		1099		7				16				21
23	foreh. L 2		1	0			21		31		883			8				18				19
24	foreh. M 1		1	0			26		28		830			15				13				24
25	foreh. M 2		1	0			25		23,5	2699		16				14				22
26	foreh. M 3		1	0			27		24		2611		17				6				26
27	foreh. M 4		1	0			28		27		1064		18				9				27
28	foreh. M 5		1	0			29		25		1832		19				8				28
29	foreh. R 1		1	0			34		21		800			33				15				22
30	foreh. R 2		1	0			32		22		4505		23				5				25
31	foreh. R 3		1	0			30		23		3336		20				11				23
32	First			1	0			23		26		26693		4				2				20
33	ETH				1	0			15,5	33		19029		1				17				7
34	BTC				1	0			4		2		104149		3				26				4
35	XRP				1	0			1		16		26717		34				7				6
36	Phemex			1	0			10		8		30310		11				30				1